MIS(1) = 0.00448
MIS(2) = 0.08089
MIS(3) = 0.07934
MIS(4) = 0.06018
MIS(5) = 0.0328
MIS(6) = 0.08135
MIS(7) = 0.05102
MIS(8) = 0.05848
MIS(9) = 0.01542
MIS(10) = 0.00512
MIS(11) = 0.07023
MIS(12) = 0.06916
MIS(13) = 0.07732
MIS(14) = 0.0801
MIS(15) = 0.04357
MIS(16) = 0.05319
MIS(17) = 0.0598
MIS(18) = 0.00755
MIS(19) = 0.02269
SDC = 0.031